#Global Configurations

boundary <- c(6.62, 18.517, 35.49, 47.091)  # Italy
